{
 "cells": [
  {
   "cell_type": "code",
   "execution_count": 1,
   "metadata": {},
   "outputs": [],
   "source": [
    "import numpy, pandas"
   ]
  },
  {
   "cell_type": "code",
   "execution_count": 9,
   "metadata": {},
   "outputs": [],
   "source": [
    "df = pandas.read_csv(\"C:/Users/oekpom/Desktop/Datasets/Lesson 3 Practice/mtcars.csv\", delimiter = \",\")"
   ]
  },
  {
   "cell_type": "code",
   "execution_count": 10,
   "metadata": {},
   "outputs": [
    {
     "name": "stdout",
     "output_type": "stream",
     "text": [
      "                  model   mpg  cyl   disp   hp  drat     wt   qsec  vs  am  \\\n",
      "0             Mazda RX4  21.0    6  160.0  110  3.90  2.620  16.46   0   1   \n",
      "1         Mazda RX4 Wag  21.0    6  160.0  110  3.90  2.875  17.02   0   1   \n",
      "2            Datsun 710  22.8    4  108.0   93  3.85  2.320  18.61   1   1   \n",
      "3        Hornet 4 Drive  21.4    6  258.0  110  3.08  3.215  19.44   1   0   \n",
      "4     Hornet Sportabout  18.7    8  360.0  175  3.15  3.440  17.02   0   0   \n",
      "5               Valiant  18.1    6  225.0  105  2.76  3.460  20.22   1   0   \n",
      "6            Duster 360  14.3    8  360.0  245  3.21  3.570  15.84   0   0   \n",
      "7             Merc 240D  24.4    4  146.7   62  3.69  3.190  20.00   1   0   \n",
      "8              Merc 230  22.8    4  140.8   95  3.92  3.150  22.90   1   0   \n",
      "9              Merc 280  19.2    6  167.6  123  3.92  3.440  18.30   1   0   \n",
      "10            Merc 280C  17.8    6  167.6  123  3.92  3.440  18.90   1   0   \n",
      "11           Merc 450SE  16.4    8  275.8  180  3.07  4.070  17.40   0   0   \n",
      "12           Merc 450SL  17.3    8  275.8  180  3.07  3.730  17.60   0   0   \n",
      "13          Merc 450SLC  15.2    8  275.8  180  3.07  3.780  18.00   0   0   \n",
      "14   Cadillac Fleetwood  10.4    8  472.0  205  2.93  5.250  17.98   0   0   \n",
      "15  Lincoln Continental  10.4    8  460.0  215  3.00  5.424  17.82   0   0   \n",
      "16    Chrysler Imperial  14.7    8  440.0  230  3.23  5.345  17.42   0   0   \n",
      "17             Fiat 128  32.4    4   78.7   66  4.08  2.200  19.47   1   1   \n",
      "18          Honda Civic  30.4    4   75.7   52  4.93  1.615  18.52   1   1   \n",
      "19       Toyota Corolla  33.9    4   71.1   65  4.22  1.835  19.90   1   1   \n",
      "20        Toyota Corona  21.5    4  120.1   97  3.70  2.465  20.01   1   0   \n",
      "21     Dodge Challenger  15.5    8  318.0  150  2.76  3.520  16.87   0   0   \n",
      "22          AMC Javelin  15.2    8  304.0  150  3.15  3.435  17.30   0   0   \n",
      "23           Camaro Z28  13.3    8  350.0  245  3.73  3.840  15.41   0   0   \n",
      "24     Pontiac Firebird  19.2    8  400.0  175  3.08  3.845  17.05   0   0   \n",
      "25            Fiat X1-9  27.3    4   79.0   66  4.08  1.935  18.90   1   1   \n",
      "26        Porsche 914-2  26.0    4  120.3   91  4.43  2.140  16.70   0   1   \n",
      "27         Lotus Europa  30.4    4   95.1  113  3.77  1.513  16.90   1   1   \n",
      "28       Ford Pantera L  15.8    8  351.0  264  4.22  3.170  14.50   0   1   \n",
      "29         Ferrari Dino  19.7    6  145.0  175  3.62  2.770  15.50   0   1   \n",
      "30        Maserati Bora  15.0    8  301.0  335  3.54  3.570  14.60   0   1   \n",
      "31           Volvo 142E  21.4    4  121.0  109  4.11  2.780  18.60   1   1   \n",
      "\n",
      "    gear  carb  \n",
      "0      4     4  \n",
      "1      4     4  \n",
      "2      4     1  \n",
      "3      3     1  \n",
      "4      3     2  \n",
      "5      3     1  \n",
      "6      3     4  \n",
      "7      4     2  \n",
      "8      4     2  \n",
      "9      4     4  \n",
      "10     4     4  \n",
      "11     3     3  \n",
      "12     3     3  \n",
      "13     3     3  \n",
      "14     3     4  \n",
      "15     3     4  \n",
      "16     3     4  \n",
      "17     4     1  \n",
      "18     4     2  \n",
      "19     4     1  \n",
      "20     3     1  \n",
      "21     3     2  \n",
      "22     3     2  \n",
      "23     3     4  \n",
      "24     3     2  \n",
      "25     4     1  \n",
      "26     5     2  \n",
      "27     5     2  \n",
      "28     5     4  \n",
      "29     5     6  \n",
      "30     5     8  \n",
      "31     4     2  \n"
     ]
    }
   ],
   "source": [
    "print(df)"
   ]
  },
  {
   "cell_type": "code",
   "execution_count": 11,
   "metadata": {},
   "outputs": [
    {
     "name": "stdout",
     "output_type": "stream",
     "text": [
      "<class 'pandas.core.frame.DataFrame'>\n",
      "RangeIndex: 32 entries, 0 to 31\n",
      "Data columns (total 12 columns):\n",
      "model    32 non-null object\n",
      "mpg      32 non-null float64\n",
      "cyl      32 non-null int64\n",
      "disp     32 non-null float64\n",
      "hp       32 non-null int64\n",
      "drat     32 non-null float64\n",
      "wt       32 non-null float64\n",
      "qsec     32 non-null float64\n",
      "vs       32 non-null int64\n",
      "am       32 non-null int64\n",
      "gear     32 non-null int64\n",
      "carb     32 non-null int64\n",
      "dtypes: float64(5), int64(6), object(1)\n",
      "memory usage: 2.9+ KB\n"
     ]
    }
   ],
   "source": [
    "df.info()"
   ]
  },
  {
   "cell_type": "code",
   "execution_count": 12,
   "metadata": {},
   "outputs": [
    {
     "data": {
      "text/plain": [
       "(32, 12)"
      ]
     },
     "execution_count": 12,
     "metadata": {},
     "output_type": "execute_result"
    }
   ],
   "source": [
    "df.shape"
   ]
  },
  {
   "cell_type": "code",
   "execution_count": 13,
   "metadata": {},
   "outputs": [
    {
     "data": {
      "text/plain": [
       "2"
      ]
     },
     "execution_count": 13,
     "metadata": {},
     "output_type": "execute_result"
    }
   ],
   "source": [
    "df.ndim"
   ]
  },
  {
   "cell_type": "code",
   "execution_count": 14,
   "metadata": {},
   "outputs": [
    {
     "data": {
      "text/html": [
       "<div>\n",
       "<style scoped>\n",
       "    .dataframe tbody tr th:only-of-type {\n",
       "        vertical-align: middle;\n",
       "    }\n",
       "\n",
       "    .dataframe tbody tr th {\n",
       "        vertical-align: top;\n",
       "    }\n",
       "\n",
       "    .dataframe thead th {\n",
       "        text-align: right;\n",
       "    }\n",
       "</style>\n",
       "<table border=\"1\" class=\"dataframe\">\n",
       "  <thead>\n",
       "    <tr style=\"text-align: right;\">\n",
       "      <th></th>\n",
       "      <th>mpg</th>\n",
       "      <th>cyl</th>\n",
       "      <th>disp</th>\n",
       "      <th>hp</th>\n",
       "      <th>drat</th>\n",
       "      <th>wt</th>\n",
       "      <th>qsec</th>\n",
       "      <th>vs</th>\n",
       "      <th>am</th>\n",
       "      <th>gear</th>\n",
       "      <th>carb</th>\n",
       "    </tr>\n",
       "  </thead>\n",
       "  <tbody>\n",
       "    <tr>\n",
       "      <th>mpg</th>\n",
       "      <td>1.000000</td>\n",
       "      <td>-0.852162</td>\n",
       "      <td>-0.847551</td>\n",
       "      <td>-0.776168</td>\n",
       "      <td>0.681172</td>\n",
       "      <td>-0.867659</td>\n",
       "      <td>0.418684</td>\n",
       "      <td>0.664039</td>\n",
       "      <td>0.599832</td>\n",
       "      <td>0.480285</td>\n",
       "      <td>-0.550925</td>\n",
       "    </tr>\n",
       "    <tr>\n",
       "      <th>cyl</th>\n",
       "      <td>-0.852162</td>\n",
       "      <td>1.000000</td>\n",
       "      <td>0.902033</td>\n",
       "      <td>0.832447</td>\n",
       "      <td>-0.699938</td>\n",
       "      <td>0.782496</td>\n",
       "      <td>-0.591242</td>\n",
       "      <td>-0.810812</td>\n",
       "      <td>-0.522607</td>\n",
       "      <td>-0.492687</td>\n",
       "      <td>0.526988</td>\n",
       "    </tr>\n",
       "    <tr>\n",
       "      <th>disp</th>\n",
       "      <td>-0.847551</td>\n",
       "      <td>0.902033</td>\n",
       "      <td>1.000000</td>\n",
       "      <td>0.790949</td>\n",
       "      <td>-0.710214</td>\n",
       "      <td>0.887980</td>\n",
       "      <td>-0.433698</td>\n",
       "      <td>-0.710416</td>\n",
       "      <td>-0.591227</td>\n",
       "      <td>-0.555569</td>\n",
       "      <td>0.394977</td>\n",
       "    </tr>\n",
       "    <tr>\n",
       "      <th>hp</th>\n",
       "      <td>-0.776168</td>\n",
       "      <td>0.832447</td>\n",
       "      <td>0.790949</td>\n",
       "      <td>1.000000</td>\n",
       "      <td>-0.448759</td>\n",
       "      <td>0.658748</td>\n",
       "      <td>-0.708223</td>\n",
       "      <td>-0.723097</td>\n",
       "      <td>-0.243204</td>\n",
       "      <td>-0.125704</td>\n",
       "      <td>0.749812</td>\n",
       "    </tr>\n",
       "    <tr>\n",
       "      <th>drat</th>\n",
       "      <td>0.681172</td>\n",
       "      <td>-0.699938</td>\n",
       "      <td>-0.710214</td>\n",
       "      <td>-0.448759</td>\n",
       "      <td>1.000000</td>\n",
       "      <td>-0.712441</td>\n",
       "      <td>0.091205</td>\n",
       "      <td>0.440278</td>\n",
       "      <td>0.712711</td>\n",
       "      <td>0.699610</td>\n",
       "      <td>-0.090790</td>\n",
       "    </tr>\n",
       "    <tr>\n",
       "      <th>wt</th>\n",
       "      <td>-0.867659</td>\n",
       "      <td>0.782496</td>\n",
       "      <td>0.887980</td>\n",
       "      <td>0.658748</td>\n",
       "      <td>-0.712441</td>\n",
       "      <td>1.000000</td>\n",
       "      <td>-0.174716</td>\n",
       "      <td>-0.554916</td>\n",
       "      <td>-0.692495</td>\n",
       "      <td>-0.583287</td>\n",
       "      <td>0.427606</td>\n",
       "    </tr>\n",
       "    <tr>\n",
       "      <th>qsec</th>\n",
       "      <td>0.418684</td>\n",
       "      <td>-0.591242</td>\n",
       "      <td>-0.433698</td>\n",
       "      <td>-0.708223</td>\n",
       "      <td>0.091205</td>\n",
       "      <td>-0.174716</td>\n",
       "      <td>1.000000</td>\n",
       "      <td>0.744535</td>\n",
       "      <td>-0.229861</td>\n",
       "      <td>-0.212682</td>\n",
       "      <td>-0.656249</td>\n",
       "    </tr>\n",
       "    <tr>\n",
       "      <th>vs</th>\n",
       "      <td>0.664039</td>\n",
       "      <td>-0.810812</td>\n",
       "      <td>-0.710416</td>\n",
       "      <td>-0.723097</td>\n",
       "      <td>0.440278</td>\n",
       "      <td>-0.554916</td>\n",
       "      <td>0.744535</td>\n",
       "      <td>1.000000</td>\n",
       "      <td>0.168345</td>\n",
       "      <td>0.206023</td>\n",
       "      <td>-0.569607</td>\n",
       "    </tr>\n",
       "    <tr>\n",
       "      <th>am</th>\n",
       "      <td>0.599832</td>\n",
       "      <td>-0.522607</td>\n",
       "      <td>-0.591227</td>\n",
       "      <td>-0.243204</td>\n",
       "      <td>0.712711</td>\n",
       "      <td>-0.692495</td>\n",
       "      <td>-0.229861</td>\n",
       "      <td>0.168345</td>\n",
       "      <td>1.000000</td>\n",
       "      <td>0.794059</td>\n",
       "      <td>0.057534</td>\n",
       "    </tr>\n",
       "    <tr>\n",
       "      <th>gear</th>\n",
       "      <td>0.480285</td>\n",
       "      <td>-0.492687</td>\n",
       "      <td>-0.555569</td>\n",
       "      <td>-0.125704</td>\n",
       "      <td>0.699610</td>\n",
       "      <td>-0.583287</td>\n",
       "      <td>-0.212682</td>\n",
       "      <td>0.206023</td>\n",
       "      <td>0.794059</td>\n",
       "      <td>1.000000</td>\n",
       "      <td>0.274073</td>\n",
       "    </tr>\n",
       "    <tr>\n",
       "      <th>carb</th>\n",
       "      <td>-0.550925</td>\n",
       "      <td>0.526988</td>\n",
       "      <td>0.394977</td>\n",
       "      <td>0.749812</td>\n",
       "      <td>-0.090790</td>\n",
       "      <td>0.427606</td>\n",
       "      <td>-0.656249</td>\n",
       "      <td>-0.569607</td>\n",
       "      <td>0.057534</td>\n",
       "      <td>0.274073</td>\n",
       "      <td>1.000000</td>\n",
       "    </tr>\n",
       "  </tbody>\n",
       "</table>\n",
       "</div>"
      ],
      "text/plain": [
       "           mpg       cyl      disp        hp      drat        wt      qsec  \\\n",
       "mpg   1.000000 -0.852162 -0.847551 -0.776168  0.681172 -0.867659  0.418684   \n",
       "cyl  -0.852162  1.000000  0.902033  0.832447 -0.699938  0.782496 -0.591242   \n",
       "disp -0.847551  0.902033  1.000000  0.790949 -0.710214  0.887980 -0.433698   \n",
       "hp   -0.776168  0.832447  0.790949  1.000000 -0.448759  0.658748 -0.708223   \n",
       "drat  0.681172 -0.699938 -0.710214 -0.448759  1.000000 -0.712441  0.091205   \n",
       "wt   -0.867659  0.782496  0.887980  0.658748 -0.712441  1.000000 -0.174716   \n",
       "qsec  0.418684 -0.591242 -0.433698 -0.708223  0.091205 -0.174716  1.000000   \n",
       "vs    0.664039 -0.810812 -0.710416 -0.723097  0.440278 -0.554916  0.744535   \n",
       "am    0.599832 -0.522607 -0.591227 -0.243204  0.712711 -0.692495 -0.229861   \n",
       "gear  0.480285 -0.492687 -0.555569 -0.125704  0.699610 -0.583287 -0.212682   \n",
       "carb -0.550925  0.526988  0.394977  0.749812 -0.090790  0.427606 -0.656249   \n",
       "\n",
       "            vs        am      gear      carb  \n",
       "mpg   0.664039  0.599832  0.480285 -0.550925  \n",
       "cyl  -0.810812 -0.522607 -0.492687  0.526988  \n",
       "disp -0.710416 -0.591227 -0.555569  0.394977  \n",
       "hp   -0.723097 -0.243204 -0.125704  0.749812  \n",
       "drat  0.440278  0.712711  0.699610 -0.090790  \n",
       "wt   -0.554916 -0.692495 -0.583287  0.427606  \n",
       "qsec  0.744535 -0.229861 -0.212682 -0.656249  \n",
       "vs    1.000000  0.168345  0.206023 -0.569607  \n",
       "am    0.168345  1.000000  0.794059  0.057534  \n",
       "gear  0.206023  0.794059  1.000000  0.274073  \n",
       "carb -0.569607  0.057534  0.274073  1.000000  "
      ]
     },
     "execution_count": 14,
     "metadata": {},
     "output_type": "execute_result"
    }
   ],
   "source": [
    "df.corr(method ='pearson') "
   ]
  },
  {
   "cell_type": "code",
   "execution_count": 15,
   "metadata": {},
   "outputs": [
    {
     "data": {
      "text/plain": [
       "146.6875"
      ]
     },
     "execution_count": 15,
     "metadata": {},
     "output_type": "execute_result"
    }
   ],
   "source": [
    "df.loc[:,\"hp\"].mean()"
   ]
  },
  {
   "cell_type": "code",
   "execution_count": null,
   "metadata": {},
   "outputs": [],
   "source": []
  }
 ],
 "metadata": {
  "kernelspec": {
   "display_name": "Python 3",
   "language": "python",
   "name": "python3"
  },
  "language_info": {
   "codemirror_mode": {
    "name": "ipython",
    "version": 3
   },
   "file_extension": ".py",
   "mimetype": "text/x-python",
   "name": "python",
   "nbconvert_exporter": "python",
   "pygments_lexer": "ipython3",
   "version": "3.6.5"
  }
 },
 "nbformat": 4,
 "nbformat_minor": 2
}
